(kicad_pcb (version 20171130) (host pcbnew 5.1.12-84ad8e8a86~92~ubuntu18.04.1)

  (general
    (thickness 1.6)
    (drawings 4)
    (tracks 0)
    (zones 0)
    (modules 8)
    (nets 15)
  )

  (page A4)
  (title_block
    (title "dual thermocouple datalogger")
    (date 2021-01-15)
    (rev v1.1a)
    (comment 3 "License: Proprietry")
    (comment 4 "Luke Vassallo")
  )

  (layers
    (0 F.Cu signal)
    (31 B.Cu signal)
    (32 B.Adhes user)
    (33 F.Adhes user)
    (34 B.Paste user)
    (35 F.Paste user)
    (36 B.SilkS user)
    (37 F.SilkS user)
    (38 B.Mask user)
    (39 F.Mask user)
    (40 Dwgs.User user)
    (41 Cmts.User user)
    (42 Eco1.User user)
    (43 Eco2.User user)
    (44 Edge.Cuts user)
    (45 Margin user)
    (46 B.CrtYd user)
    (47 F.CrtYd user)
    (48 B.Fab user hide)
    (49 F.Fab user hide)
  )

  (setup
    (last_trace_width 0.254)
    (user_trace_width 0.2)
    (user_trace_width 0.3)
    (user_trace_width 0.4)
    (user_trace_width 0.45)
    (user_trace_width 0.5)
    (user_trace_width 0.6)
    (user_trace_width 0.8)
    (user_trace_width 0.9)
    (user_trace_width 1)
    (trace_clearance 0.2)
    (zone_clearance 0)
    (zone_45_only no)
    (trace_min 0.2)
    (via_size 0.8)
    (via_drill 0.4)
    (via_min_size 0.4)
    (via_min_drill 0.3)
    (user_via 0.6 0.3)
    (user_via 6.5 3.5)
    (uvia_size 0.3)
    (uvia_drill 0.1)
    (uvias_allowed no)
    (uvia_min_size 0.2)
    (uvia_min_drill 0.1)
    (edge_width 0.05)
    (segment_width 0.2)
    (pcb_text_width 0.3)
    (pcb_text_size 1.5 1.5)
    (mod_edge_width 0.12)
    (mod_text_size 1 1)
    (mod_text_width 0.15)
    (pad_size 0.4 1.35)
    (pad_drill 0)
    (pad_to_mask_clearance 0)
    (aux_axis_origin 0 0)
    (visible_elements FFFFFF7F)
    (pcbplotparams
      (layerselection 0x010f0_ffffffff)
      (usegerberextensions false)
      (usegerberattributes true)
      (usegerberadvancedattributes true)
      (creategerberjobfile true)
      (excludeedgelayer true)
      (linewidth 0.100000)
      (plotframeref false)
      (viasonmask false)
      (mode 1)
      (useauxorigin false)
      (hpglpennumber 1)
      (hpglpenspeed 20)
      (hpglpendiameter 15.000000)
      (psnegative false)
      (psa4output false)
      (plotreference true)
      (plotvalue true)
      (plotinvisibletext false)
      (padsonsilk false)
      (subtractmaskfromsilk false)
      (outputformat 1)
      (mirror false)
      (drillshape 0)
      (scaleselection 1)
      (outputdirectory "fabrication-outputs/"))
  )

  (net 0 "")
  (net 1 3V3)
  (net 2 /thermocouple/T0-)
  (net 3 /thermocouple/T0+)
  (net 4 /thermocouple/MOSI)
  (net 5 /thermocouple/MISO)
  (net 6 /thermocouple/SCK)
  (net 7 /thermocouple/CS0)
  (net 8 GND)
  (net 9 "Net-(IC201-Pad2)")
  (net 10 "Net-(IC201-Pad6)")
  (net 11 /thermocouple/FAULT0)
  (net 12 "Net-(J201-Pad2)")
  (net 13 "Net-(LED201-Pad2)")
  (net 14 "Net-(IC201-Pad7)")

  (net_class Default "This is the default net class."
    (clearance 0.2)
    (trace_width 0.254)
    (via_dia 0.8)
    (via_drill 0.4)
    (uvia_dia 0.3)
    (uvia_drill 0.1)
    (add_net /thermocouple/CS0)
    (add_net /thermocouple/FAULT0)
    (add_net /thermocouple/MISO)
    (add_net /thermocouple/MOSI)
    (add_net /thermocouple/SCK)
    (add_net /thermocouple/T0+)
    (add_net /thermocouple/T0-)
    (add_net 3V3)
    (add_net GND)
    (add_net "Net-(IC201-Pad2)")
    (add_net "Net-(IC201-Pad6)")
    (add_net "Net-(IC201-Pad7)")
    (add_net "Net-(J201-Pad2)")
    (add_net "Net-(LED201-Pad2)")
  )

  (module Capacitor_SMD:C_0402_1005Metric_Pad0.74x0.62mm_HandSolder (layer F.Cu) (tedit 5F6BB22C) (tstamp 6002C405)
    (at 160.345 77.185)
    (descr "Capacitor SMD 0402 (1005 Metric), square (rectangular) end terminal, IPC_7351 nominal with elongated pad for handsoldering. (Body size source: IPC-SM-782 page 76, https://www.pcb-3d.com/wordpress/wp-content/uploads/ipc-sm-782a_amendment_1_and_2.pdf), generated with kicad-footprint-generator")
    (tags "capacitor handsolder")
    (path /5FFF718E/6026E2D2)
    (attr smd)
    (fp_text reference C204 (at -3.02 0.02 180) (layer F.SilkS)
      (effects (font (size 1 1) (thickness 0.12)))
    )
    (fp_text value 0.01uF (at 0 1.16) (layer F.Fab)
      (effects (font (size 1 1) (thickness 0.15)))
    )
    (fp_line (start -0.5 0.25) (end -0.5 -0.25) (layer F.Fab) (width 0.1))
    (fp_line (start -0.5 -0.25) (end 0.5 -0.25) (layer F.Fab) (width 0.1))
    (fp_line (start 0.5 -0.25) (end 0.5 0.25) (layer F.Fab) (width 0.1))
    (fp_line (start 0.5 0.25) (end -0.5 0.25) (layer F.Fab) (width 0.1))
    (fp_line (start -0.115835 -0.36) (end 0.115835 -0.36) (layer F.SilkS) (width 0.12))
    (fp_line (start -0.115835 0.36) (end 0.115835 0.36) (layer F.SilkS) (width 0.12))
    (fp_line (start -1.08 0.46) (end -1.08 -0.46) (layer F.CrtYd) (width 0.05))
    (fp_line (start -1.08 -0.46) (end 1.08 -0.46) (layer F.CrtYd) (width 0.05))
    (fp_line (start 1.08 -0.46) (end 1.08 0.46) (layer F.CrtYd) (width 0.05))
    (fp_line (start 1.08 0.46) (end -1.08 0.46) (layer F.CrtYd) (width 0.05))
    (fp_text user %R (at 0 0) (layer F.Fab)
      (effects (font (size 0.25 0.25) (thickness 0.04)))
    )
    (pad 2 smd roundrect (at 0.5675 0) (size 0.735 0.62) (layers F.Cu F.Paste F.Mask) (roundrect_rratio 0.25)
      (net 2 /thermocouple/T0-))
    (pad 1 smd roundrect (at -0.5675 0) (size 0.735 0.62) (layers F.Cu F.Paste F.Mask) (roundrect_rratio 0.25)
      (net 8 GND))
    (model ${KISYS3DMOD}/Capacitor_SMD.3dshapes/C_0402_1005Metric.wrl
      (at (xyz 0 0 0))
      (scale (xyz 1 1 1))
      (rotate (xyz 0 0 0))
    )
  )

  (module Capacitor_SMD:C_0603_1608Metric (layer F.Cu) (tedit 5F68FEEE) (tstamp 6002C435)
    (at 160.685 62.485)
    (descr "Capacitor SMD 0603 (1608 Metric), square (rectangular) end terminal, IPC_7351 nominal, (Body size source: IPC-SM-782 page 76, https://www.pcb-3d.com/wordpress/wp-content/uploads/ipc-sm-782a_amendment_1_and_2.pdf), generated with kicad-footprint-generator")
    (tags capacitor)
    (path /5FFF718E/6026E2D8)
    (attr smd)
    (fp_text reference C205 (at -4.36 0) (layer F.SilkS)
      (effects (font (size 1 1) (thickness 0.12)))
    )
    (fp_text value 0.1uF (at 0 1.43) (layer F.Fab)
      (effects (font (size 1 1) (thickness 0.15)))
    )
    (fp_line (start -0.8 0.4) (end -0.8 -0.4) (layer F.Fab) (width 0.1))
    (fp_line (start -0.8 -0.4) (end 0.8 -0.4) (layer F.Fab) (width 0.1))
    (fp_line (start 0.8 -0.4) (end 0.8 0.4) (layer F.Fab) (width 0.1))
    (fp_line (start 0.8 0.4) (end -0.8 0.4) (layer F.Fab) (width 0.1))
    (fp_line (start -0.14058 -0.51) (end 0.14058 -0.51) (layer F.SilkS) (width 0.12))
    (fp_line (start -0.14058 0.51) (end 0.14058 0.51) (layer F.SilkS) (width 0.12))
    (fp_line (start -1.48 0.73) (end -1.48 -0.73) (layer F.CrtYd) (width 0.05))
    (fp_line (start -1.48 -0.73) (end 1.48 -0.73) (layer F.CrtYd) (width 0.05))
    (fp_line (start 1.48 -0.73) (end 1.48 0.73) (layer F.CrtYd) (width 0.05))
    (fp_line (start 1.48 0.73) (end -1.48 0.73) (layer F.CrtYd) (width 0.05))
    (fp_text user %R (at 0 0) (layer F.Fab)
      (effects (font (size 0.4 0.4) (thickness 0.06)))
    )
    (pad 2 smd roundrect (at 0.775 0) (size 0.9 0.95) (layers F.Cu F.Paste F.Mask) (roundrect_rratio 0.25)
      (net 3 /thermocouple/T0+))
    (pad 1 smd roundrect (at -0.775 0) (size 0.9 0.95) (layers F.Cu F.Paste F.Mask) (roundrect_rratio 0.25)
      (net 2 /thermocouple/T0-))
    (model ${KISYS3DMOD}/Capacitor_SMD.3dshapes/C_0603_1608Metric.wrl
      (at (xyz 0 0 0))
      (scale (xyz 1 1 1))
      (rotate (xyz 0 0 0))
    )
  )

  (module Capacitor_SMD:C_0402_1005Metric_Pad0.74x0.62mm_HandSolder (layer F.Cu) (tedit 5F6BB22C) (tstamp 6002C3D5)
    (at 163.025 77.175 180)
    (descr "Capacitor SMD 0402 (1005 Metric), square (rectangular) end terminal, IPC_7351 nominal with elongated pad for handsoldering. (Body size source: IPC-SM-782 page 76, https://www.pcb-3d.com/wordpress/wp-content/uploads/ipc-sm-782a_amendment_1_and_2.pdf), generated with kicad-footprint-generator")
    (tags "capacitor handsolder")
    (path /5FFF718E/6026E2DE)
    (attr smd)
    (fp_text reference C206 (at -3.01 -0.01 180) (layer F.SilkS)
      (effects (font (size 1 1) (thickness 0.12)))
    )
    (fp_text value 0.01uF (at 0 1.16) (layer F.Fab)
      (effects (font (size 1 1) (thickness 0.15)))
    )
    (fp_line (start 1.08 0.46) (end -1.08 0.46) (layer F.CrtYd) (width 0.05))
    (fp_line (start 1.08 -0.46) (end 1.08 0.46) (layer F.CrtYd) (width 0.05))
    (fp_line (start -1.08 -0.46) (end 1.08 -0.46) (layer F.CrtYd) (width 0.05))
    (fp_line (start -1.08 0.46) (end -1.08 -0.46) (layer F.CrtYd) (width 0.05))
    (fp_line (start -0.115835 0.36) (end 0.115835 0.36) (layer F.SilkS) (width 0.12))
    (fp_line (start -0.115835 -0.36) (end 0.115835 -0.36) (layer F.SilkS) (width 0.12))
    (fp_line (start 0.5 0.25) (end -0.5 0.25) (layer F.Fab) (width 0.1))
    (fp_line (start 0.5 -0.25) (end 0.5 0.25) (layer F.Fab) (width 0.1))
    (fp_line (start -0.5 -0.25) (end 0.5 -0.25) (layer F.Fab) (width 0.1))
    (fp_line (start -0.5 0.25) (end -0.5 -0.25) (layer F.Fab) (width 0.1))
    (fp_text user %R (at 0 0) (layer F.Fab)
      (effects (font (size 0.25 0.25) (thickness 0.04)))
    )
    (pad 1 smd roundrect (at -0.5675 0 180) (size 0.735 0.62) (layers F.Cu F.Paste F.Mask) (roundrect_rratio 0.25)
      (net 8 GND))
    (pad 2 smd roundrect (at 0.5675 0 180) (size 0.735 0.62) (layers F.Cu F.Paste F.Mask) (roundrect_rratio 0.25)
      (net 3 /thermocouple/T0+))
    (model ${KISYS3DMOD}/Capacitor_SMD.3dshapes/C_0402_1005Metric.wrl
      (at (xyz 0 0 0))
      (scale (xyz 1 1 1))
      (rotate (xyz 0 0 0))
    )
  )

  (module MAX31856MUD+:SOP65P640X110-14N locked (layer F.Cu) (tedit 5FFF3AF7) (tstamp 60020CB2)
    (at 160 70)
    (descr MAX31856MUD+)
    (tags "Integrated Circuit")
    (path /5FFF718E/6026E2C0)
    (attr smd)
    (fp_text reference IC201 (at -1.68 3.52) (layer F.SilkS)
      (effects (font (size 1 1) (thickness 0.12)))
    )
    (fp_text value MAX31856MUD+ (at 0 0) (layer F.SilkS) hide
      (effects (font (size 1 1) (thickness 0.12)))
    )
    (fp_line (start -3.925 -2.8) (end 3.925 -2.8) (layer Dwgs.User) (width 0.05))
    (fp_line (start 3.925 -2.8) (end 3.925 2.8) (layer Dwgs.User) (width 0.05))
    (fp_line (start 3.925 2.8) (end -3.925 2.8) (layer Dwgs.User) (width 0.05))
    (fp_line (start -3.925 2.8) (end -3.925 -2.8) (layer Dwgs.User) (width 0.05))
    (fp_line (start -2.2 -2.5) (end 2.2 -2.5) (layer Dwgs.User) (width 0.1))
    (fp_line (start 2.2 -2.5) (end 2.2 2.5) (layer Dwgs.User) (width 0.1))
    (fp_line (start 2.2 2.5) (end -2.2 2.5) (layer Dwgs.User) (width 0.1))
    (fp_line (start -2.2 2.5) (end -2.2 -2.5) (layer Dwgs.User) (width 0.1))
    (fp_line (start -2.2 -1.85) (end -1.55 -2.5) (layer Dwgs.User) (width 0.1))
    (fp_line (start -1.85 -2.5) (end 1.85 -2.5) (layer F.SilkS) (width 0.2))
    (fp_line (start 1.85 -2.5) (end 1.85 2.5) (layer F.SilkS) (width 0.2))
    (fp_line (start 1.85 2.5) (end -1.85 2.5) (layer F.SilkS) (width 0.2))
    (fp_line (start -1.85 2.5) (end -1.85 -2.5) (layer F.SilkS) (width 0.2))
    (fp_line (start -3.675 -2.525) (end -2.2 -2.525) (layer F.SilkS) (width 0.2))
    (pad 1 smd rect (at -2.938 -1.95 90) (size 0.45 1.475) (layers F.Cu F.Paste F.Mask)
      (net 8 GND))
    (pad 2 smd rect (at -2.938 -1.3 90) (size 0.45 1.475) (layers F.Cu F.Paste F.Mask)
      (net 9 "Net-(IC201-Pad2)"))
    (pad 3 smd rect (at -2.938 -0.65 90) (size 0.45 1.475) (layers F.Cu F.Paste F.Mask)
      (net 2 /thermocouple/T0-))
    (pad 4 smd rect (at -2.938 0 90) (size 0.45 1.475) (layers F.Cu F.Paste F.Mask)
      (net 3 /thermocouple/T0+))
    (pad 5 smd rect (at -2.938 0.65 90) (size 0.45 1.475) (layers F.Cu F.Paste F.Mask)
      (net 1 3V3))
    (pad 6 smd rect (at -2.938 1.3 90) (size 0.45 1.475) (layers F.Cu F.Paste F.Mask)
      (net 10 "Net-(IC201-Pad6)"))
    (pad 7 smd rect (at -2.938 1.95 90) (size 0.45 1.475) (layers F.Cu F.Paste F.Mask)
      (net 14 "Net-(IC201-Pad7)"))
    (pad 8 smd rect (at 2.938 1.95 90) (size 0.45 1.475) (layers F.Cu F.Paste F.Mask)
      (net 1 3V3))
    (pad 9 smd rect (at 2.938 1.3 90) (size 0.45 1.475) (layers F.Cu F.Paste F.Mask)
      (net 7 /thermocouple/CS0))
    (pad 10 smd rect (at 2.938 0.65 90) (size 0.45 1.475) (layers F.Cu F.Paste F.Mask)
      (net 6 /thermocouple/SCK))
    (pad 11 smd rect (at 2.938 0 90) (size 0.45 1.475) (layers F.Cu F.Paste F.Mask)
      (net 5 /thermocouple/MISO))
    (pad 12 smd rect (at 2.938 -0.65 90) (size 0.45 1.475) (layers F.Cu F.Paste F.Mask)
      (net 4 /thermocouple/MOSI))
    (pad 13 smd rect (at 2.938 -1.3 90) (size 0.45 1.475) (layers F.Cu F.Paste F.Mask)
      (net 11 /thermocouple/FAULT0))
    (pad 14 smd rect (at 2.938 -1.95 90) (size 0.45 1.475) (layers F.Cu F.Paste F.Mask)
      (net 8 GND))
    (model /home/luke/thermocouple-logger/hw/samacsys/LIB_MAX31856MUD+/MAX31856MUD+/3D/MAX31856MUD+.stp
      (at (xyz 0 0 0))
      (scale (xyz 1 1 1))
      (rotate (xyz 0 0 0))
    )
  )

  (module Resistor_SMD:R_0603_1608Metric (layer F.Cu) (tedit 5F68FEEE) (tstamp 6002C0A8)
    (at 159.895 64.985 270)
    (descr "Resistor SMD 0603 (1608 Metric), square (rectangular) end terminal, IPC_7351 nominal, (Body size source: IPC-SM-782 page 72, https://www.pcb-3d.com/wordpress/wp-content/uploads/ipc-sm-782a_amendment_1_and_2.pdf), generated with kicad-footprint-generator")
    (tags resistor)
    (path /5FFF718E/6026E324)
    (attr smd)
    (fp_text reference R201 (at -0.1 1.5 90) (layer F.SilkS)
      (effects (font (size 1 1) (thickness 0.12)))
    )
    (fp_text value 100 (at 0 1.43 90) (layer F.Fab)
      (effects (font (size 1 1) (thickness 0.15)))
    )
    (fp_line (start -0.8 0.4125) (end -0.8 -0.4125) (layer F.Fab) (width 0.1))
    (fp_line (start -0.8 -0.4125) (end 0.8 -0.4125) (layer F.Fab) (width 0.1))
    (fp_line (start 0.8 -0.4125) (end 0.8 0.4125) (layer F.Fab) (width 0.1))
    (fp_line (start 0.8 0.4125) (end -0.8 0.4125) (layer F.Fab) (width 0.1))
    (fp_line (start -0.237258 -0.5225) (end 0.237258 -0.5225) (layer F.SilkS) (width 0.12))
    (fp_line (start -0.237258 0.5225) (end 0.237258 0.5225) (layer F.SilkS) (width 0.12))
    (fp_line (start -1.48 0.73) (end -1.48 -0.73) (layer F.CrtYd) (width 0.05))
    (fp_line (start -1.48 -0.73) (end 1.48 -0.73) (layer F.CrtYd) (width 0.05))
    (fp_line (start 1.48 -0.73) (end 1.48 0.73) (layer F.CrtYd) (width 0.05))
    (fp_line (start 1.48 0.73) (end -1.48 0.73) (layer F.CrtYd) (width 0.05))
    (fp_text user %R (at 0 0 90) (layer F.Fab)
      (effects (font (size 0.4 0.4) (thickness 0.06)))
    )
    (pad 2 smd roundrect (at 0.825 0 270) (size 0.8 0.95) (layers F.Cu F.Paste F.Mask) (roundrect_rratio 0.25)
      (net 9 "Net-(IC201-Pad2)"))
    (pad 1 smd roundrect (at -0.825 0 270) (size 0.8 0.95) (layers F.Cu F.Paste F.Mask) (roundrect_rratio 0.25)
      (net 2 /thermocouple/T0-))
    (model ${KISYS3DMOD}/Resistor_SMD.3dshapes/R_0603_1608Metric.wrl
      (at (xyz 0 0 0))
      (scale (xyz 1 1 1))
      (rotate (xyz 0 0 0))
    )
  )

  (module Resistor_SMD:R_0603_1608Metric (layer F.Cu) (tedit 5F68FEEE) (tstamp 60020E53)
    (at 161.495 64.985 90)
    (descr "Resistor SMD 0603 (1608 Metric), square (rectangular) end terminal, IPC_7351 nominal, (Body size source: IPC-SM-782 page 72, https://www.pcb-3d.com/wordpress/wp-content/uploads/ipc-sm-782a_amendment_1_and_2.pdf), generated with kicad-footprint-generator")
    (tags resistor)
    (path /5FFF718E/6026E31E)
    (attr smd)
    (fp_text reference R202 (at 0 1.5 90) (layer F.SilkS)
      (effects (font (size 1 1) (thickness 0.12)))
    )
    (fp_text value 100 (at 0 1.43 90) (layer F.Fab)
      (effects (font (size 1 1) (thickness 0.15)))
    )
    (fp_line (start 1.48 0.73) (end -1.48 0.73) (layer F.CrtYd) (width 0.05))
    (fp_line (start 1.48 -0.73) (end 1.48 0.73) (layer F.CrtYd) (width 0.05))
    (fp_line (start -1.48 -0.73) (end 1.48 -0.73) (layer F.CrtYd) (width 0.05))
    (fp_line (start -1.48 0.73) (end -1.48 -0.73) (layer F.CrtYd) (width 0.05))
    (fp_line (start -0.237258 0.5225) (end 0.237258 0.5225) (layer F.SilkS) (width 0.12))
    (fp_line (start -0.237258 -0.5225) (end 0.237258 -0.5225) (layer F.SilkS) (width 0.12))
    (fp_line (start 0.8 0.4125) (end -0.8 0.4125) (layer F.Fab) (width 0.1))
    (fp_line (start 0.8 -0.4125) (end 0.8 0.4125) (layer F.Fab) (width 0.1))
    (fp_line (start -0.8 -0.4125) (end 0.8 -0.4125) (layer F.Fab) (width 0.1))
    (fp_line (start -0.8 0.4125) (end -0.8 -0.4125) (layer F.Fab) (width 0.1))
    (fp_text user %R (at 0 0 90) (layer F.Fab)
      (effects (font (size 0.4 0.4) (thickness 0.06)))
    )
    (pad 1 smd roundrect (at -0.825 0 90) (size 0.8 0.95) (layers F.Cu F.Paste F.Mask) (roundrect_rratio 0.25)
      (net 12 "Net-(J201-Pad2)"))
    (pad 2 smd roundrect (at 0.825 0 90) (size 0.8 0.95) (layers F.Cu F.Paste F.Mask) (roundrect_rratio 0.25)
      (net 3 /thermocouple/T0+))
    (model ${KISYS3DMOD}/Resistor_SMD.3dshapes/R_0603_1608Metric.wrl
      (at (xyz 0 0 0))
      (scale (xyz 1 1 1))
      (rotate (xyz 0 0 0))
    )
  )

  (module 150060RS75000:LEDC1608X80N (layer F.Cu) (tedit 600D52C1) (tstamp 602BA9E6)
    (at 154 69 90)
    (descr WL-SMCW)
    (tags LED)
    (path /5FFF718E/60281B48)
    (attr smd)
    (fp_text reference LED201 (at -4.495 0 90) (layer F.SilkS)
      (effects (font (size 1 1) (thickness 0.12)))
    )
    (fp_text value 150060RS75000 (at 0 0 90) (layer F.SilkS) hide
      (effects (font (size 1 1) (thickness 0.12)))
    )
    (fp_line (start -1.575 0.825) (end 0.75 0.825) (layer F.SilkS) (width 0.2))
    (fp_line (start -1.575 -0.825) (end -1.575 0.825) (layer F.SilkS) (width 0.2))
    (fp_line (start 0.75 -0.825) (end -1.575 -0.825) (layer F.SilkS) (width 0.2))
    (fp_line (start -0.8 -0.133) (end -0.533 -0.4) (layer Dwgs.User) (width 0.1))
    (fp_line (start -0.8 0.4) (end -0.8 -0.4) (layer Dwgs.User) (width 0.1))
    (fp_line (start 0.8 0.4) (end -0.8 0.4) (layer Dwgs.User) (width 0.1))
    (fp_line (start 0.8 -0.4) (end 0.8 0.4) (layer Dwgs.User) (width 0.1))
    (fp_line (start -0.8 -0.4) (end 0.8 -0.4) (layer Dwgs.User) (width 0.1))
    (fp_line (start -1.675 0.925) (end -1.675 -0.925) (layer Dwgs.User) (width 0.05))
    (fp_line (start 1.675 0.925) (end -1.675 0.925) (layer Dwgs.User) (width 0.05))
    (fp_line (start 1.675 -0.925) (end 1.675 0.925) (layer Dwgs.User) (width 0.05))
    (fp_line (start -1.675 -0.925) (end 1.675 -0.925) (layer Dwgs.User) (width 0.05))
    (pad 1 smd rect (at -0.75 0 180) (size 0.95 0.95) (layers F.Cu F.Paste F.Mask)
      (net 11 /thermocouple/FAULT0))
    (pad 2 smd rect (at 0.75 0 180) (size 0.95 0.95) (layers F.Cu F.Paste F.Mask)
      (net 13 "Net-(LED201-Pad2)"))
  )

  (module Resistor_SMD:R_0603_1608Metric (layer F.Cu) (tedit 5F68FEEE) (tstamp 602BAA3F)
    (at 151.375 69 270)
    (descr "Resistor SMD 0603 (1608 Metric), square (rectangular) end terminal, IPC_7351 nominal, (Body size source: IPC-SM-782 page 72, https://www.pcb-3d.com/wordpress/wp-content/uploads/ipc-sm-782a_amendment_1_and_2.pdf), generated with kicad-footprint-generator")
    (tags resistor)
    (path /5FFF718E/6026D442)
    (attr smd)
    (fp_text reference R205 (at 3.525 0 90) (layer F.SilkS)
      (effects (font (size 1 1) (thickness 0.12)))
    )
    (fp_text value 2.5k (at 0 1.43 90) (layer F.Fab)
      (effects (font (size 1 1) (thickness 0.15)))
    )
    (fp_line (start -0.8 0.4125) (end -0.8 -0.4125) (layer F.Fab) (width 0.1))
    (fp_line (start -0.8 -0.4125) (end 0.8 -0.4125) (layer F.Fab) (width 0.1))
    (fp_line (start 0.8 -0.4125) (end 0.8 0.4125) (layer F.Fab) (width 0.1))
    (fp_line (start 0.8 0.4125) (end -0.8 0.4125) (layer F.Fab) (width 0.1))
    (fp_line (start -0.237258 -0.5225) (end 0.237258 -0.5225) (layer F.SilkS) (width 0.12))
    (fp_line (start -0.237258 0.5225) (end 0.237258 0.5225) (layer F.SilkS) (width 0.12))
    (fp_line (start -1.48 0.73) (end -1.48 -0.73) (layer F.CrtYd) (width 0.05))
    (fp_line (start -1.48 -0.73) (end 1.48 -0.73) (layer F.CrtYd) (width 0.05))
    (fp_line (start 1.48 -0.73) (end 1.48 0.73) (layer F.CrtYd) (width 0.05))
    (fp_line (start 1.48 0.73) (end -1.48 0.73) (layer F.CrtYd) (width 0.05))
    (fp_text user %R (at 0 0 90) (layer F.Fab)
      (effects (font (size 0.4 0.4) (thickness 0.06)))
    )
    (pad 1 smd roundrect (at -0.825 0 270) (size 0.8 0.95) (layers F.Cu F.Paste F.Mask) (roundrect_rratio 0.25)
      (net 13 "Net-(LED201-Pad2)"))
    (pad 2 smd roundrect (at 0.825 0 270) (size 0.8 0.95) (layers F.Cu F.Paste F.Mask) (roundrect_rratio 0.25)
      (net 1 3V3))
    (model ${KISYS3DMOD}/Resistor_SMD.3dshapes/R_0603_1608Metric.wrl
      (at (xyz 0 0 0))
      (scale (xyz 1 1 1))
      (rotate (xyz 0 0 0))
    )
  )

  (gr_line (start 150 60) (end 170 60) (layer Edge.Cuts) (width 0.05) (tstamp 60259A4B))
  (gr_line (start 150 60) (end 150 80) (layer Edge.Cuts) (width 0.05))
  (gr_line (start 150 80) (end 170 80) (layer Edge.Cuts) (width 0.05))
  (gr_line (start 170 80) (end 170 60) (layer Edge.Cuts) (width 0.05) (tstamp 60259A48))

)
