(kicad_pcb (version 20171130) (host pcbnew 5.1.12-84ad8e8a86~92~ubuntu18.04.1)

  (general
    (thickness 1.6)
    (drawings 4)
    (tracks 0)
    (zones 0)
    (modules 8)
    (nets 31)
  )

  (page A4)
  (title_block
    (title "dual thermocouple datalogger")
    (date 2021-01-15)
    (rev v1.1a)
    (comment 3 "License: Proprietry")
    (comment 4 "Luke Vassallo")
  )

  (layers
    (0 F.Cu signal)
    (31 B.Cu signal)
    (32 B.Adhes user)
    (33 F.Adhes user)
    (34 B.Paste user)
    (35 F.Paste user)
    (36 B.SilkS user)
    (37 F.SilkS user)
    (38 B.Mask user)
    (39 F.Mask user)
    (40 Dwgs.User user)
    (41 Cmts.User user)
    (42 Eco1.User user)
    (43 Eco2.User user)
    (44 Edge.Cuts user)
    (45 Margin user)
    (46 B.CrtYd user)
    (47 F.CrtYd user)
    (48 B.Fab user hide)
    (49 F.Fab user hide)
  )

  (setup
    (last_trace_width 0.254)
    (user_trace_width 0.2)
    (user_trace_width 0.3)
    (user_trace_width 0.4)
    (user_trace_width 0.45)
    (user_trace_width 0.5)
    (user_trace_width 0.6)
    (user_trace_width 0.8)
    (user_trace_width 0.9)
    (user_trace_width 1)
    (trace_clearance 0.2)
    (zone_clearance 0)
    (zone_45_only no)
    (trace_min 0.2)
    (via_size 0.8)
    (via_drill 0.4)
    (via_min_size 0.4)
    (via_min_drill 0.3)
    (user_via 0.6 0.3)
    (user_via 6.5 3.5)
    (uvia_size 0.3)
    (uvia_drill 0.1)
    (uvias_allowed no)
    (uvia_min_size 0.2)
    (uvia_min_drill 0.1)
    (edge_width 0.05)
    (segment_width 0.2)
    (pcb_text_width 0.3)
    (pcb_text_size 1.5 1.5)
    (mod_edge_width 0.12)
    (mod_text_size 1 1)
    (mod_text_width 0.15)
    (pad_size 0.4 1.35)
    (pad_drill 0)
    (pad_to_mask_clearance 0)
    (aux_axis_origin 0 0)
    (visible_elements FFFFFF7F)
    (pcbplotparams
      (layerselection 0x010f0_ffffffff)
      (usegerberextensions false)
      (usegerberattributes true)
      (usegerberadvancedattributes true)
      (creategerberjobfile true)
      (excludeedgelayer true)
      (linewidth 0.100000)
      (plotframeref false)
      (viasonmask false)
      (mode 1)
      (useauxorigin false)
      (hpglpennumber 1)
      (hpglpenspeed 20)
      (hpglpendiameter 15.000000)
      (psnegative false)
      (psa4output false)
      (plotreference true)
      (plotvalue true)
      (plotinvisibletext false)
      (padsonsilk false)
      (subtractmaskfromsilk false)
      (outputformat 1)
      (mirror false)
      (drillshape 0)
      (scaleselection 1)
      (outputdirectory "fabrication-outputs/"))
  )

  (net 0 "")
  (net 1 3V3)
  (net 2 /serial/USB_DP)
  (net 3 /serial/USB_DN)
  (net 4 /serial/VBUS)
  (net 5 USB_5V0)
  (net 6 GND)
  (net 7 "Net-(IC401-Pad1)")
  (net 8 "Net-(IC401-Pad9)")
  (net 9 "Net-(IC401-Pad10)")
  (net 10 "Net-(IC401-Pad11)")
  (net 11 "Net-(IC401-Pad12)")
  (net 12 "Net-(IC401-Pad15)")
  (net 13 "Net-(IC401-Pad17)")
  (net 14 "Net-(IC401-Pad22)")
  (net 15 "Net-(IC401-Pad2)")
  (net 16 "Net-(IC401-Pad13)")
  (net 17 "Net-(IC401-Pad14)")
  (net 18 "Net-(IC401-Pad16)")
  (net 19 /serial/RXT)
  (net 20 /serial/TXT)
  (net 21 "Net-(IC401-Pad20)")
  (net 22 "Net-(IC401-Pad21)")
  (net 23 "Net-(IC401-Pad23)")
  (net 24 "Net-(IC401-Pad24)")
  (net 25 /processor/mcu_tx2)
  (net 26 /processor/mcu_rx2)
  (net 27 "Net-(IC401-Pad27)")
  (net 28 "Net-(IC401-Pad28)")
  (net 29 "Net-(R402-Pad1)")
  (net 30 "Net-(R403-Pad1)")

  (net_class Default "This is the default net class."
    (clearance 0.2)
    (trace_width 0.254)
    (via_dia 0.8)
    (via_drill 0.4)
    (uvia_dia 0.3)
    (uvia_drill 0.1)
    (add_net /processor/mcu_rx2)
    (add_net /processor/mcu_tx2)
    (add_net /serial/RXT)
    (add_net /serial/TXT)
    (add_net /serial/USB_DN)
    (add_net /serial/USB_DP)
    (add_net /serial/VBUS)
    (add_net 3V3)
    (add_net GND)
    (add_net "Net-(IC401-Pad1)")
    (add_net "Net-(IC401-Pad10)")
    (add_net "Net-(IC401-Pad11)")
    (add_net "Net-(IC401-Pad12)")
    (add_net "Net-(IC401-Pad13)")
    (add_net "Net-(IC401-Pad14)")
    (add_net "Net-(IC401-Pad15)")
    (add_net "Net-(IC401-Pad16)")
    (add_net "Net-(IC401-Pad17)")
    (add_net "Net-(IC401-Pad2)")
    (add_net "Net-(IC401-Pad20)")
    (add_net "Net-(IC401-Pad21)")
    (add_net "Net-(IC401-Pad22)")
    (add_net "Net-(IC401-Pad23)")
    (add_net "Net-(IC401-Pad24)")
    (add_net "Net-(IC401-Pad27)")
    (add_net "Net-(IC401-Pad28)")
    (add_net "Net-(IC401-Pad9)")
    (add_net "Net-(R402-Pad1)")
    (add_net "Net-(R403-Pad1)")
    (add_net USB_5V0)
  )

  (module QFN50P500X500X80-29N-D locked (layer F.Cu) (tedit 6005DA0D) (tstamp 6059871D)
    (at 160 70 180)
    (descr qfd)
    (tags "Integrated Circuit")
    (path /5FFF6FE5/605C0994)
    (attr smd)
    (fp_text reference IC401 (at -1.17 -3.89) (layer F.SilkS)
      (effects (font (size 1 1) (thickness 0.12)))
    )
    (fp_text value CP2102N-A02-GQFN28R (at 0 0) (layer F.SilkS) hide
      (effects (font (size 1 1) (thickness 0.12)))
    )
    (fp_circle (center -2.85 -2.25) (end -2.725 -2.25) (layer F.SilkS) (width 0.254))
    (fp_line (start -2.5 -2) (end -2 -2.5) (layer Dwgs.User) (width 0.1))
    (fp_line (start -2.5 2.5) (end -2.5 -2.5) (layer Dwgs.User) (width 0.1))
    (fp_line (start 2.5 2.5) (end -2.5 2.5) (layer Dwgs.User) (width 0.1))
    (fp_line (start 2.5 -2.5) (end 2.5 2.5) (layer Dwgs.User) (width 0.1))
    (fp_line (start -2.5 -2.5) (end 2.5 -2.5) (layer Dwgs.User) (width 0.1))
    (fp_line (start -3.1 3.1) (end -3.1 -3.1) (layer Dwgs.User) (width 0.05))
    (fp_line (start 3.1 3.1) (end -3.1 3.1) (layer Dwgs.User) (width 0.05))
    (fp_line (start 3.1 -3.1) (end 3.1 3.1) (layer Dwgs.User) (width 0.05))
    (fp_line (start -3.1 -3.1) (end 3.1 -3.1) (layer Dwgs.User) (width 0.05))
    (pad 1 smd rect (at -2.35 -1.5 270) (size 0.3 1) (layers F.Cu F.Paste F.Mask)
      (net 7 "Net-(IC401-Pad1)"))
    (pad 2 smd rect (at -2.35 -1 270) (size 0.3 1) (layers F.Cu F.Paste F.Mask)
      (net 15 "Net-(IC401-Pad2)"))
    (pad 3 smd rect (at -2.35 -0.5 270) (size 0.3 1) (layers F.Cu F.Paste F.Mask)
      (net 6 GND))
    (pad 4 smd rect (at -2.35 0 270) (size 0.3 1) (layers F.Cu F.Paste F.Mask)
      (net 2 /serial/USB_DP))
    (pad 5 smd rect (at -2.35 0.5 270) (size 0.3 1) (layers F.Cu F.Paste F.Mask)
      (net 3 /serial/USB_DN))
    (pad 6 smd rect (at -2.35 1 270) (size 0.3 1) (layers F.Cu F.Paste F.Mask)
      (net 1 3V3))
    (pad 7 smd rect (at -2.35 1.5 270) (size 0.3 1) (layers F.Cu F.Paste F.Mask)
      (net 1 3V3))
    (pad 8 smd rect (at -1.5 2.35 180) (size 0.3 1) (layers F.Cu F.Paste F.Mask)
      (net 4 /serial/VBUS))
    (pad 9 smd rect (at -1 2.35 180) (size 0.3 1) (layers F.Cu F.Paste F.Mask)
      (net 8 "Net-(IC401-Pad9)"))
    (pad 10 smd rect (at -0.5 2.35 180) (size 0.3 1) (layers F.Cu F.Paste F.Mask)
      (net 9 "Net-(IC401-Pad10)"))
    (pad 11 smd rect (at 0 2.35 180) (size 0.3 1) (layers F.Cu F.Paste F.Mask)
      (net 10 "Net-(IC401-Pad11)"))
    (pad 12 smd rect (at 0.5 2.35 180) (size 0.3 1) (layers F.Cu F.Paste F.Mask)
      (net 11 "Net-(IC401-Pad12)"))
    (pad 13 smd rect (at 1 2.35 180) (size 0.3 1) (layers F.Cu F.Paste F.Mask)
      (net 16 "Net-(IC401-Pad13)"))
    (pad 14 smd rect (at 1.5 2.35 180) (size 0.3 1) (layers F.Cu F.Paste F.Mask)
      (net 17 "Net-(IC401-Pad14)"))
    (pad 15 smd rect (at 2.35 1.5 270) (size 0.3 1) (layers F.Cu F.Paste F.Mask)
      (net 12 "Net-(IC401-Pad15)"))
    (pad 16 smd rect (at 2.35 1 270) (size 0.3 1) (layers F.Cu F.Paste F.Mask)
      (net 18 "Net-(IC401-Pad16)"))
    (pad 17 smd rect (at 2.35 0.5 270) (size 0.3 1) (layers F.Cu F.Paste F.Mask)
      (net 13 "Net-(IC401-Pad17)"))
    (pad 18 smd rect (at 2.35 0 270) (size 0.3 1) (layers F.Cu F.Paste F.Mask)
      (net 19 /serial/RXT))
    (pad 19 smd rect (at 2.35 -0.5 270) (size 0.3 1) (layers F.Cu F.Paste F.Mask)
      (net 20 /serial/TXT))
    (pad 20 smd rect (at 2.35 -1 270) (size 0.3 1) (layers F.Cu F.Paste F.Mask)
      (net 21 "Net-(IC401-Pad20)"))
    (pad 21 smd rect (at 2.35 -1.5 270) (size 0.3 1) (layers F.Cu F.Paste F.Mask)
      (net 22 "Net-(IC401-Pad21)"))
    (pad 22 smd rect (at 1.5 -2.35 180) (size 0.3 1) (layers F.Cu F.Paste F.Mask)
      (net 14 "Net-(IC401-Pad22)"))
    (pad 23 smd rect (at 1 -2.35 180) (size 0.3 1) (layers F.Cu F.Paste F.Mask)
      (net 23 "Net-(IC401-Pad23)"))
    (pad 24 smd rect (at 0.5 -2.35 180) (size 0.3 1) (layers F.Cu F.Paste F.Mask)
      (net 24 "Net-(IC401-Pad24)"))
    (pad 25 smd rect (at 0 -2.35 180) (size 0.3 1) (layers F.Cu F.Paste F.Mask)
      (net 25 /processor/mcu_tx2))
    (pad 26 smd rect (at -0.5 -2.35 180) (size 0.3 1) (layers F.Cu F.Paste F.Mask)
      (net 26 /processor/mcu_rx2))
    (pad 27 smd rect (at -1 -2.35 180) (size 0.3 1) (layers F.Cu F.Paste F.Mask)
      (net 27 "Net-(IC401-Pad27)"))
    (pad 28 smd rect (at -1.5 -2.35 180) (size 0.3 1) (layers F.Cu F.Paste F.Mask)
      (net 28 "Net-(IC401-Pad28)"))
    (pad 29 smd rect (at 0 0 180) (size 3.35 3.35) (layers F.Cu F.Paste F.Mask)
      (net 6 GND))
    (model /home/luke/thermocouple-logger/hw/samacsys/LIB_CP2102N-A02-GQFN28R/CP2102N-A02-GQFN28R/3D/CP2102N-A02-GQFN28R.stp
      (at (xyz 0 0 0))
      (scale (xyz 1 1 1))
      (rotate (xyz 0 0 0))
    )
  )

  (module 150060VS75000:LEDC1608X80N (layer F.Cu) (tedit 6001F626) (tstamp 6059449A)
    (at 168.025 75.675 180)
    (descr 150060GS75000)
    (tags LED)
    (path /5FFF6FE5/603ACB38)
    (attr smd)
    (fp_text reference RX (at 2.85 -0.005) (layer F.SilkS)
      (effects (font (size 1 1) (thickness 0.12)))
    )
    (fp_text value 150060VS75000 (at 0 0) (layer F.SilkS) hide
      (effects (font (size 1 1) (thickness 0.12)))
    )
    (fp_line (start -1.575 0.825) (end 0.75 0.825) (layer F.SilkS) (width 0.2))
    (fp_line (start -1.575 -0.825) (end -1.575 0.825) (layer F.SilkS) (width 0.2))
    (fp_line (start 0.75 -0.825) (end -1.575 -0.825) (layer F.SilkS) (width 0.2))
    (fp_line (start -0.8 -0.133) (end -0.533 -0.4) (layer Dwgs.User) (width 0.1))
    (fp_line (start -0.8 0.4) (end -0.8 -0.4) (layer Dwgs.User) (width 0.1))
    (fp_line (start 0.8 0.4) (end -0.8 0.4) (layer Dwgs.User) (width 0.1))
    (fp_line (start 0.8 -0.4) (end 0.8 0.4) (layer Dwgs.User) (width 0.1))
    (fp_line (start -0.8 -0.4) (end 0.8 -0.4) (layer Dwgs.User) (width 0.1))
    (fp_line (start -1.675 0.925) (end -1.675 -0.925) (layer Dwgs.User) (width 0.05))
    (fp_line (start 1.675 0.925) (end -1.675 0.925) (layer Dwgs.User) (width 0.05))
    (fp_line (start 1.675 -0.925) (end 1.675 0.925) (layer Dwgs.User) (width 0.05))
    (fp_line (start -1.675 -0.925) (end 1.675 -0.925) (layer Dwgs.User) (width 0.05))
    (pad 1 smd rect (at -0.75 0 270) (size 0.95 0.95) (layers F.Cu F.Paste F.Mask)
      (net 20 /serial/TXT))
    (pad 2 smd rect (at 0.75 0 270) (size 0.95 0.95) (layers F.Cu F.Paste F.Mask)
      (net 29 "Net-(R402-Pad1)"))
  )

  (module 150060VS75000:LEDC1608X80N (layer F.Cu) (tedit 6001F626) (tstamp 605944AC)
    (at 168.025 73.75 180)
    (descr 150060GS75000)
    (tags LED)
    (path /5FFF6FE5/603B9046)
    (attr smd)
    (fp_text reference TX (at 2.85 0) (layer F.SilkS)
      (effects (font (size 1 1) (thickness 0.12)))
    )
    (fp_text value 150060VS75000 (at 0 0) (layer F.SilkS) hide
      (effects (font (size 1 1) (thickness 0.12)))
    )
    (fp_line (start -1.675 -0.925) (end 1.675 -0.925) (layer Dwgs.User) (width 0.05))
    (fp_line (start 1.675 -0.925) (end 1.675 0.925) (layer Dwgs.User) (width 0.05))
    (fp_line (start 1.675 0.925) (end -1.675 0.925) (layer Dwgs.User) (width 0.05))
    (fp_line (start -1.675 0.925) (end -1.675 -0.925) (layer Dwgs.User) (width 0.05))
    (fp_line (start -0.8 -0.4) (end 0.8 -0.4) (layer Dwgs.User) (width 0.1))
    (fp_line (start 0.8 -0.4) (end 0.8 0.4) (layer Dwgs.User) (width 0.1))
    (fp_line (start 0.8 0.4) (end -0.8 0.4) (layer Dwgs.User) (width 0.1))
    (fp_line (start -0.8 0.4) (end -0.8 -0.4) (layer Dwgs.User) (width 0.1))
    (fp_line (start -0.8 -0.133) (end -0.533 -0.4) (layer Dwgs.User) (width 0.1))
    (fp_line (start 0.75 -0.825) (end -1.575 -0.825) (layer F.SilkS) (width 0.2))
    (fp_line (start -1.575 -0.825) (end -1.575 0.825) (layer F.SilkS) (width 0.2))
    (fp_line (start -1.575 0.825) (end 0.75 0.825) (layer F.SilkS) (width 0.2))
    (pad 2 smd rect (at 0.75 0 270) (size 0.95 0.95) (layers F.Cu F.Paste F.Mask)
      (net 30 "Net-(R403-Pad1)"))
    (pad 1 smd rect (at -0.75 0 270) (size 0.95 0.95) (layers F.Cu F.Paste F.Mask)
      (net 19 /serial/RXT))
  )

  (module Resistor_SMD:R_0603_1608Metric (layer F.Cu) (tedit 5F68FEEE) (tstamp 605986D0)
    (at 163.225 64)
    (descr "Resistor SMD 0603 (1608 Metric), square (rectangular) end terminal, IPC_7351 nominal, (Body size source: IPC-SM-782 page 72, https://www.pcb-3d.com/wordpress/wp-content/uploads/ipc-sm-782a_amendment_1_and_2.pdf), generated with kicad-footprint-generator")
    (tags resistor)
    (path /5FFF6FE5/60020317)
    (attr smd)
    (fp_text reference R401 (at -3.6 0.01) (layer F.SilkS)
      (effects (font (size 1 1) (thickness 0.12)))
    )
    (fp_text value 4.7k (at 0 1.43) (layer F.Fab)
      (effects (font (size 1 1) (thickness 0.15)))
    )
    (fp_line (start -0.8 0.4125) (end -0.8 -0.4125) (layer F.Fab) (width 0.1))
    (fp_line (start -0.8 -0.4125) (end 0.8 -0.4125) (layer F.Fab) (width 0.1))
    (fp_line (start 0.8 -0.4125) (end 0.8 0.4125) (layer F.Fab) (width 0.1))
    (fp_line (start 0.8 0.4125) (end -0.8 0.4125) (layer F.Fab) (width 0.1))
    (fp_line (start -0.237258 -0.5225) (end 0.237258 -0.5225) (layer F.SilkS) (width 0.12))
    (fp_line (start -0.237258 0.5225) (end 0.237258 0.5225) (layer F.SilkS) (width 0.12))
    (fp_line (start -1.48 0.73) (end -1.48 -0.73) (layer F.CrtYd) (width 0.05))
    (fp_line (start -1.48 -0.73) (end 1.48 -0.73) (layer F.CrtYd) (width 0.05))
    (fp_line (start 1.48 -0.73) (end 1.48 0.73) (layer F.CrtYd) (width 0.05))
    (fp_line (start 1.48 0.73) (end -1.48 0.73) (layer F.CrtYd) (width 0.05))
    (fp_text user %R (at 0 0) (layer F.Fab)
      (effects (font (size 0.4 0.4) (thickness 0.06)))
    )
    (pad 1 smd roundrect (at -0.825 0) (size 0.8 0.95) (layers F.Cu F.Paste F.Mask) (roundrect_rratio 0.25)
      (net 1 3V3))
    (pad 2 smd roundrect (at 0.825 0) (size 0.8 0.95) (layers F.Cu F.Paste F.Mask) (roundrect_rratio 0.25)
      (net 8 "Net-(IC401-Pad9)"))
    (model ${KISYS3DMOD}/Resistor_SMD.3dshapes/R_0603_1608Metric.wrl
      (at (xyz 0 0 0))
      (scale (xyz 1 1 1))
      (rotate (xyz 0 0 0))
    )
  )

  (module Resistor_SMD:R_0603_1608Metric (layer F.Cu) (tedit 5F68FEEE) (tstamp 605944CE)
    (at 167.95 77.4)
    (descr "Resistor SMD 0603 (1608 Metric), square (rectangular) end terminal, IPC_7351 nominal, (Body size source: IPC-SM-782 page 72, https://www.pcb-3d.com/wordpress/wp-content/uploads/ipc-sm-782a_amendment_1_and_2.pdf), generated with kicad-footprint-generator")
    (tags resistor)
    (path /5FFF6FE5/6009ECD7)
    (attr smd)
    (fp_text reference R402 (at -3.715 0) (layer F.SilkS)
      (effects (font (size 1 1) (thickness 0.12)))
    )
    (fp_text value 750 (at 0 1.43) (layer F.Fab)
      (effects (font (size 1 1) (thickness 0.15)))
    )
    (fp_line (start 1.48 0.73) (end -1.48 0.73) (layer F.CrtYd) (width 0.05))
    (fp_line (start 1.48 -0.73) (end 1.48 0.73) (layer F.CrtYd) (width 0.05))
    (fp_line (start -1.48 -0.73) (end 1.48 -0.73) (layer F.CrtYd) (width 0.05))
    (fp_line (start -1.48 0.73) (end -1.48 -0.73) (layer F.CrtYd) (width 0.05))
    (fp_line (start -0.237258 0.5225) (end 0.237258 0.5225) (layer F.SilkS) (width 0.12))
    (fp_line (start -0.237258 -0.5225) (end 0.237258 -0.5225) (layer F.SilkS) (width 0.12))
    (fp_line (start 0.8 0.4125) (end -0.8 0.4125) (layer F.Fab) (width 0.1))
    (fp_line (start 0.8 -0.4125) (end 0.8 0.4125) (layer F.Fab) (width 0.1))
    (fp_line (start -0.8 -0.4125) (end 0.8 -0.4125) (layer F.Fab) (width 0.1))
    (fp_line (start -0.8 0.4125) (end -0.8 -0.4125) (layer F.Fab) (width 0.1))
    (fp_text user %R (at 0 0) (layer F.Fab)
      (effects (font (size 0.4 0.4) (thickness 0.06)))
    )
    (pad 2 smd roundrect (at 0.825 0) (size 0.8 0.95) (layers F.Cu F.Paste F.Mask) (roundrect_rratio 0.25)
      (net 1 3V3))
    (pad 1 smd roundrect (at -0.825 0) (size 0.8 0.95) (layers F.Cu F.Paste F.Mask) (roundrect_rratio 0.25)
      (net 29 "Net-(R402-Pad1)"))
    (model ${KISYS3DMOD}/Resistor_SMD.3dshapes/R_0603_1608Metric.wrl
      (at (xyz 0 0 0))
      (scale (xyz 1 1 1))
      (rotate (xyz 0 0 0))
    )
  )

  (module Resistor_SMD:R_0603_1608Metric (layer F.Cu) (tedit 5F68FEEE) (tstamp 605944DF)
    (at 167.95 78.95)
    (descr "Resistor SMD 0603 (1608 Metric), square (rectangular) end terminal, IPC_7351 nominal, (Body size source: IPC-SM-782 page 72, https://www.pcb-3d.com/wordpress/wp-content/uploads/ipc-sm-782a_amendment_1_and_2.pdf), generated with kicad-footprint-generator")
    (tags resistor)
    (path /5FFF6FE5/600A14A6)
    (attr smd)
    (fp_text reference R403 (at -3.725 0.02) (layer F.SilkS)
      (effects (font (size 1 1) (thickness 0.12)))
    )
    (fp_text value 750 (at 0 1.43) (layer F.Fab)
      (effects (font (size 1 1) (thickness 0.15)))
    )
    (fp_line (start -0.8 0.4125) (end -0.8 -0.4125) (layer F.Fab) (width 0.1))
    (fp_line (start -0.8 -0.4125) (end 0.8 -0.4125) (layer F.Fab) (width 0.1))
    (fp_line (start 0.8 -0.4125) (end 0.8 0.4125) (layer F.Fab) (width 0.1))
    (fp_line (start 0.8 0.4125) (end -0.8 0.4125) (layer F.Fab) (width 0.1))
    (fp_line (start -0.237258 -0.5225) (end 0.237258 -0.5225) (layer F.SilkS) (width 0.12))
    (fp_line (start -0.237258 0.5225) (end 0.237258 0.5225) (layer F.SilkS) (width 0.12))
    (fp_line (start -1.48 0.73) (end -1.48 -0.73) (layer F.CrtYd) (width 0.05))
    (fp_line (start -1.48 -0.73) (end 1.48 -0.73) (layer F.CrtYd) (width 0.05))
    (fp_line (start 1.48 -0.73) (end 1.48 0.73) (layer F.CrtYd) (width 0.05))
    (fp_line (start 1.48 0.73) (end -1.48 0.73) (layer F.CrtYd) (width 0.05))
    (fp_text user %R (at 0 0) (layer F.Fab)
      (effects (font (size 0.4 0.4) (thickness 0.06)))
    )
    (pad 1 smd roundrect (at -0.825 0) (size 0.8 0.95) (layers F.Cu F.Paste F.Mask) (roundrect_rratio 0.25)
      (net 30 "Net-(R403-Pad1)"))
    (pad 2 smd roundrect (at 0.825 0) (size 0.8 0.95) (layers F.Cu F.Paste F.Mask) (roundrect_rratio 0.25)
      (net 1 3V3))
    (model ${KISYS3DMOD}/Resistor_SMD.3dshapes/R_0603_1608Metric.wrl
      (at (xyz 0 0 0))
      (scale (xyz 1 1 1))
      (rotate (xyz 0 0 0))
    )
  )

  (module Resistor_SMD:R_0603_1608Metric (layer F.Cu) (tedit 5F68FEEE) (tstamp 6059865B)
    (at 167.525 62.53 90)
    (descr "Resistor SMD 0603 (1608 Metric), square (rectangular) end terminal, IPC_7351 nominal, (Body size source: IPC-SM-782 page 72, https://www.pcb-3d.com/wordpress/wp-content/uploads/ipc-sm-782a_amendment_1_and_2.pdf), generated with kicad-footprint-generator")
    (tags resistor)
    (path /5FFF6FE5/6004A24E)
    (attr smd)
    (fp_text reference R404 (at 1.29 -4.59 180) (layer F.SilkS)
      (effects (font (size 1 1) (thickness 0.12)))
    )
    (fp_text value 22.1k (at 0 1.43 90) (layer F.Fab)
      (effects (font (size 1 1) (thickness 0.15)))
    )
    (fp_line (start 1.48 0.73) (end -1.48 0.73) (layer F.CrtYd) (width 0.05))
    (fp_line (start 1.48 -0.73) (end 1.48 0.73) (layer F.CrtYd) (width 0.05))
    (fp_line (start -1.48 -0.73) (end 1.48 -0.73) (layer F.CrtYd) (width 0.05))
    (fp_line (start -1.48 0.73) (end -1.48 -0.73) (layer F.CrtYd) (width 0.05))
    (fp_line (start -0.237258 0.5225) (end 0.237258 0.5225) (layer F.SilkS) (width 0.12))
    (fp_line (start -0.237258 -0.5225) (end 0.237258 -0.5225) (layer F.SilkS) (width 0.12))
    (fp_line (start 0.8 0.4125) (end -0.8 0.4125) (layer F.Fab) (width 0.1))
    (fp_line (start 0.8 -0.4125) (end 0.8 0.4125) (layer F.Fab) (width 0.1))
    (fp_line (start -0.8 -0.4125) (end 0.8 -0.4125) (layer F.Fab) (width 0.1))
    (fp_line (start -0.8 0.4125) (end -0.8 -0.4125) (layer F.Fab) (width 0.1))
    (fp_text user %R (at 0 0 90) (layer F.Fab)
      (effects (font (size 0.4 0.4) (thickness 0.06)))
    )
    (pad 2 smd roundrect (at 0.825 0 90) (size 0.8 0.95) (layers F.Cu F.Paste F.Mask) (roundrect_rratio 0.25)
      (net 5 USB_5V0))
    (pad 1 smd roundrect (at -0.825 0 90) (size 0.8 0.95) (layers F.Cu F.Paste F.Mask) (roundrect_rratio 0.25)
      (net 4 /serial/VBUS))
    (model ${KISYS3DMOD}/Resistor_SMD.3dshapes/R_0603_1608Metric.wrl
      (at (xyz 0 0 0))
      (scale (xyz 1 1 1))
      (rotate (xyz 0 0 0))
    )
  )

  (module Resistor_SMD:R_0603_1608Metric (layer F.Cu) (tedit 5F68FEEE) (tstamp 605985EF)
    (at 166.005 62.53 270)
    (descr "Resistor SMD 0603 (1608 Metric), square (rectangular) end terminal, IPC_7351 nominal, (Body size source: IPC-SM-782 page 72, https://www.pcb-3d.com/wordpress/wp-content/uploads/ipc-sm-782a_amendment_1_and_2.pdf), generated with kicad-footprint-generator")
    (tags resistor)
    (path /5FFF6FE5/6004AB57)
    (attr smd)
    (fp_text reference R405 (at 0.1 3.03 180) (layer F.SilkS)
      (effects (font (size 1 1) (thickness 0.12)))
    )
    (fp_text value 47.5k (at 0 1.43 90) (layer F.Fab)
      (effects (font (size 1 1) (thickness 0.15)))
    )
    (fp_line (start -0.8 0.4125) (end -0.8 -0.4125) (layer F.Fab) (width 0.1))
    (fp_line (start -0.8 -0.4125) (end 0.8 -0.4125) (layer F.Fab) (width 0.1))
    (fp_line (start 0.8 -0.4125) (end 0.8 0.4125) (layer F.Fab) (width 0.1))
    (fp_line (start 0.8 0.4125) (end -0.8 0.4125) (layer F.Fab) (width 0.1))
    (fp_line (start -0.237258 -0.5225) (end 0.237258 -0.5225) (layer F.SilkS) (width 0.12))
    (fp_line (start -0.237258 0.5225) (end 0.237258 0.5225) (layer F.SilkS) (width 0.12))
    (fp_line (start -1.48 0.73) (end -1.48 -0.73) (layer F.CrtYd) (width 0.05))
    (fp_line (start -1.48 -0.73) (end 1.48 -0.73) (layer F.CrtYd) (width 0.05))
    (fp_line (start 1.48 -0.73) (end 1.48 0.73) (layer F.CrtYd) (width 0.05))
    (fp_line (start 1.48 0.73) (end -1.48 0.73) (layer F.CrtYd) (width 0.05))
    (fp_text user %R (at 0 0 90) (layer F.Fab)
      (effects (font (size 0.4 0.4) (thickness 0.06)))
    )
    (pad 1 smd roundrect (at -0.825 0 270) (size 0.8 0.95) (layers F.Cu F.Paste F.Mask) (roundrect_rratio 0.25)
      (net 6 GND))
    (pad 2 smd roundrect (at 0.825 0 270) (size 0.8 0.95) (layers F.Cu F.Paste F.Mask) (roundrect_rratio 0.25)
      (net 4 /serial/VBUS))
    (model ${KISYS3DMOD}/Resistor_SMD.3dshapes/R_0603_1608Metric.wrl
      (at (xyz 0 0 0))
      (scale (xyz 1 1 1))
      (rotate (xyz 0 0 0))
    )
  )

  (gr_line (start 150 60) (end 170 60) (layer Edge.Cuts) (width 0.05) (tstamp 60259A4B))
  (gr_line (start 150 60) (end 150 80) (layer Edge.Cuts) (width 0.05))
  (gr_line (start 150 80) (end 170 80) (layer Edge.Cuts) (width 0.05))
  (gr_line (start 170 60) (end 170 80) (layer Edge.Cuts) (width 0.05) (tstamp 60259A48))

)
